{
 "cells": [
  {
   "cell_type": "code",
   "execution_count": 1,
   "metadata": {},
   "outputs": [],
   "source": [
    "%matplotlib inline\n",
    "import pandas as pd\n",
    "import sklearn\n",
    "import numpy as np\n",
    "from sklearn import linear_model\n",
    "\n"
   ]
  },
  {
   "cell_type": "code",
   "execution_count": 2,
   "metadata": {},
   "outputs": [
    {
     "data": {
      "text/html": [
       "<div>\n",
       "<style scoped>\n",
       "    .dataframe tbody tr th:only-of-type {\n",
       "        vertical-align: middle;\n",
       "    }\n",
       "\n",
       "    .dataframe tbody tr th {\n",
       "        vertical-align: top;\n",
       "    }\n",
       "\n",
       "    .dataframe thead th {\n",
       "        text-align: right;\n",
       "    }\n",
       "</style>\n",
       "<table border=\"1\" class=\"dataframe\">\n",
       "  <thead>\n",
       "    <tr style=\"text-align: right;\">\n",
       "      <th></th>\n",
       "      <th>male</th>\n",
       "      <th>age</th>\n",
       "      <th>education</th>\n",
       "      <th>currentSmoker</th>\n",
       "      <th>cigsPerDay</th>\n",
       "      <th>BPMeds</th>\n",
       "      <th>prevalentStroke</th>\n",
       "      <th>prevalentHyp</th>\n",
       "      <th>diabetes</th>\n",
       "      <th>totChol</th>\n",
       "      <th>sysBP</th>\n",
       "      <th>diaBP</th>\n",
       "      <th>BMI</th>\n",
       "      <th>heartRate</th>\n",
       "      <th>glucose</th>\n",
       "      <th>TenYearCHD</th>\n",
       "    </tr>\n",
       "  </thead>\n",
       "  <tbody>\n",
       "    <tr>\n",
       "      <th>0</th>\n",
       "      <td>1</td>\n",
       "      <td>39</td>\n",
       "      <td>4.0</td>\n",
       "      <td>0</td>\n",
       "      <td>0.0</td>\n",
       "      <td>0.0</td>\n",
       "      <td>0</td>\n",
       "      <td>0</td>\n",
       "      <td>0</td>\n",
       "      <td>195.0</td>\n",
       "      <td>106.0</td>\n",
       "      <td>70.0</td>\n",
       "      <td>26.97</td>\n",
       "      <td>80.0</td>\n",
       "      <td>77.0</td>\n",
       "      <td>0</td>\n",
       "    </tr>\n",
       "    <tr>\n",
       "      <th>1</th>\n",
       "      <td>0</td>\n",
       "      <td>46</td>\n",
       "      <td>2.0</td>\n",
       "      <td>0</td>\n",
       "      <td>0.0</td>\n",
       "      <td>0.0</td>\n",
       "      <td>0</td>\n",
       "      <td>0</td>\n",
       "      <td>0</td>\n",
       "      <td>250.0</td>\n",
       "      <td>121.0</td>\n",
       "      <td>81.0</td>\n",
       "      <td>28.73</td>\n",
       "      <td>95.0</td>\n",
       "      <td>76.0</td>\n",
       "      <td>0</td>\n",
       "    </tr>\n",
       "    <tr>\n",
       "      <th>2</th>\n",
       "      <td>1</td>\n",
       "      <td>48</td>\n",
       "      <td>1.0</td>\n",
       "      <td>1</td>\n",
       "      <td>20.0</td>\n",
       "      <td>0.0</td>\n",
       "      <td>0</td>\n",
       "      <td>0</td>\n",
       "      <td>0</td>\n",
       "      <td>245.0</td>\n",
       "      <td>127.5</td>\n",
       "      <td>80.0</td>\n",
       "      <td>25.34</td>\n",
       "      <td>75.0</td>\n",
       "      <td>70.0</td>\n",
       "      <td>0</td>\n",
       "    </tr>\n",
       "    <tr>\n",
       "      <th>3</th>\n",
       "      <td>0</td>\n",
       "      <td>61</td>\n",
       "      <td>3.0</td>\n",
       "      <td>1</td>\n",
       "      <td>30.0</td>\n",
       "      <td>0.0</td>\n",
       "      <td>0</td>\n",
       "      <td>1</td>\n",
       "      <td>0</td>\n",
       "      <td>225.0</td>\n",
       "      <td>150.0</td>\n",
       "      <td>95.0</td>\n",
       "      <td>28.58</td>\n",
       "      <td>65.0</td>\n",
       "      <td>103.0</td>\n",
       "      <td>1</td>\n",
       "    </tr>\n",
       "    <tr>\n",
       "      <th>4</th>\n",
       "      <td>0</td>\n",
       "      <td>46</td>\n",
       "      <td>3.0</td>\n",
       "      <td>1</td>\n",
       "      <td>23.0</td>\n",
       "      <td>0.0</td>\n",
       "      <td>0</td>\n",
       "      <td>0</td>\n",
       "      <td>0</td>\n",
       "      <td>285.0</td>\n",
       "      <td>130.0</td>\n",
       "      <td>84.0</td>\n",
       "      <td>23.10</td>\n",
       "      <td>85.0</td>\n",
       "      <td>85.0</td>\n",
       "      <td>0</td>\n",
       "    </tr>\n",
       "  </tbody>\n",
       "</table>\n",
       "</div>"
      ],
      "text/plain": [
       "   male  age  education  currentSmoker  cigsPerDay  BPMeds  prevalentStroke  \\\n",
       "0     1   39        4.0              0         0.0     0.0                0   \n",
       "1     0   46        2.0              0         0.0     0.0                0   \n",
       "2     1   48        1.0              1        20.0     0.0                0   \n",
       "3     0   61        3.0              1        30.0     0.0                0   \n",
       "4     0   46        3.0              1        23.0     0.0                0   \n",
       "\n",
       "   prevalentHyp  diabetes  totChol  sysBP  diaBP    BMI  heartRate  glucose  \\\n",
       "0             0         0    195.0  106.0   70.0  26.97       80.0     77.0   \n",
       "1             0         0    250.0  121.0   81.0  28.73       95.0     76.0   \n",
       "2             0         0    245.0  127.5   80.0  25.34       75.0     70.0   \n",
       "3             1         0    225.0  150.0   95.0  28.58       65.0    103.0   \n",
       "4             0         0    285.0  130.0   84.0  23.10       85.0     85.0   \n",
       "\n",
       "   TenYearCHD  \n",
       "0           0  \n",
       "1           0  \n",
       "2           0  \n",
       "3           1  \n",
       "4           0  "
      ]
     },
     "execution_count": 2,
     "metadata": {},
     "output_type": "execute_result"
    }
   ],
   "source": [
    "#reading Framingham dataset\n",
    "f = pd.read_csv('framingham.csv')\n",
    "#removing NA values\n",
    "framingham = pd.DataFrame.dropna(f)\n",
    "#printing to 5 obs of the Dataset\n",
    "framingham.head()"
   ]
  },
  {
   "cell_type": "code",
   "execution_count": 3,
   "metadata": {},
   "outputs": [
    {
     "name": "stdout",
     "output_type": "stream",
     "text": [
      "(3658, 16)\n"
     ]
    }
   ],
   "source": [
    "#printing shape of dataset\n",
    "print(framingham.shape)"
   ]
  },
  {
   "cell_type": "code",
   "execution_count": 4,
   "metadata": {},
   "outputs": [
    {
     "name": "stdout",
     "output_type": "stream",
     "text": [
      "[0 1]\n"
     ]
    }
   ],
   "source": [
    "#checking dependent variable for unique values \n",
    "print(framingham['TenYearCHD'].unique())\n",
    "#0 means no Cardic Heart diseases and 1 means CHD will occur after 10 years"
   ]
  },
  {
   "cell_type": "code",
   "execution_count": 5,
   "metadata": {},
   "outputs": [
    {
     "name": "stdout",
     "output_type": "stream",
     "text": [
      "<class 'pandas.core.frame.DataFrame'>\n",
      "Int64Index: 3658 entries, 0 to 4239\n",
      "Data columns (total 16 columns):\n",
      "male               3658 non-null int64\n",
      "age                3658 non-null int64\n",
      "education          3658 non-null float64\n",
      "currentSmoker      3658 non-null int64\n",
      "cigsPerDay         3658 non-null float64\n",
      "BPMeds             3658 non-null float64\n",
      "prevalentStroke    3658 non-null int64\n",
      "prevalentHyp       3658 non-null int64\n",
      "diabetes           3658 non-null int64\n",
      "totChol            3658 non-null float64\n",
      "sysBP              3658 non-null float64\n",
      "diaBP              3658 non-null float64\n",
      "BMI                3658 non-null float64\n",
      "heartRate          3658 non-null float64\n",
      "glucose            3658 non-null float64\n",
      "TenYearCHD         3658 non-null int64\n",
      "dtypes: float64(9), int64(7)\n",
      "memory usage: 485.8 KB\n"
     ]
    }
   ],
   "source": [
    "framingham.info()"
   ]
  },
  {
   "cell_type": "code",
   "execution_count": 6,
   "metadata": {},
   "outputs": [
    {
     "data": {
      "text/html": [
       "<div>\n",
       "<style scoped>\n",
       "    .dataframe tbody tr th:only-of-type {\n",
       "        vertical-align: middle;\n",
       "    }\n",
       "\n",
       "    .dataframe tbody tr th {\n",
       "        vertical-align: top;\n",
       "    }\n",
       "\n",
       "    .dataframe thead th {\n",
       "        text-align: right;\n",
       "    }\n",
       "</style>\n",
       "<table border=\"1\" class=\"dataframe\">\n",
       "  <thead>\n",
       "    <tr style=\"text-align: right;\">\n",
       "      <th></th>\n",
       "      <th>male</th>\n",
       "      <th>age</th>\n",
       "      <th>education</th>\n",
       "      <th>currentSmoker</th>\n",
       "      <th>cigsPerDay</th>\n",
       "      <th>BPMeds</th>\n",
       "      <th>prevalentStroke</th>\n",
       "      <th>prevalentHyp</th>\n",
       "      <th>diabetes</th>\n",
       "      <th>totChol</th>\n",
       "      <th>sysBP</th>\n",
       "      <th>diaBP</th>\n",
       "      <th>BMI</th>\n",
       "      <th>heartRate</th>\n",
       "      <th>glucose</th>\n",
       "      <th>TenYearCHD</th>\n",
       "    </tr>\n",
       "  </thead>\n",
       "  <tbody>\n",
       "    <tr>\n",
       "      <th>male</th>\n",
       "      <td>1.000000</td>\n",
       "      <td>-0.021224</td>\n",
       "      <td>-0.004540</td>\n",
       "      <td>0.206114</td>\n",
       "      <td>0.265207</td>\n",
       "      <td>-0.052124</td>\n",
       "      <td>-0.002312</td>\n",
       "      <td>0.001424</td>\n",
       "      <td>0.013819</td>\n",
       "      <td>-0.051401</td>\n",
       "      <td>-0.013553</td>\n",
       "      <td>0.050094</td>\n",
       "      <td>0.109485</td>\n",
       "      <td>-0.092370</td>\n",
       "      <td>-0.007167</td>\n",
       "      <td>0.091688</td>\n",
       "    </tr>\n",
       "    <tr>\n",
       "      <th>age</th>\n",
       "      <td>-0.021224</td>\n",
       "      <td>1.000000</td>\n",
       "      <td>-0.140827</td>\n",
       "      <td>-0.173120</td>\n",
       "      <td>-0.158160</td>\n",
       "      <td>0.107841</td>\n",
       "      <td>0.042549</td>\n",
       "      <td>0.253487</td>\n",
       "      <td>0.090174</td>\n",
       "      <td>0.201879</td>\n",
       "      <td>0.268251</td>\n",
       "      <td>0.146161</td>\n",
       "      <td>0.100266</td>\n",
       "      <td>-0.003723</td>\n",
       "      <td>0.077605</td>\n",
       "      <td>0.191679</td>\n",
       "    </tr>\n",
       "    <tr>\n",
       "      <th>education</th>\n",
       "      <td>-0.004540</td>\n",
       "      <td>-0.140827</td>\n",
       "      <td>1.000000</td>\n",
       "      <td>0.029396</td>\n",
       "      <td>0.020866</td>\n",
       "      <td>-0.013228</td>\n",
       "      <td>-0.026864</td>\n",
       "      <td>-0.079058</td>\n",
       "      <td>-0.041378</td>\n",
       "      <td>-0.016210</td>\n",
       "      <td>-0.100432</td>\n",
       "      <td>-0.051699</td>\n",
       "      <td>-0.109307</td>\n",
       "      <td>-0.038282</td>\n",
       "      <td>-0.017248</td>\n",
       "      <td>-0.069250</td>\n",
       "    </tr>\n",
       "    <tr>\n",
       "      <th>currentSmoker</th>\n",
       "      <td>0.206114</td>\n",
       "      <td>-0.173120</td>\n",
       "      <td>0.029396</td>\n",
       "      <td>1.000000</td>\n",
       "      <td>0.846276</td>\n",
       "      <td>-0.051923</td>\n",
       "      <td>-0.038150</td>\n",
       "      <td>-0.108078</td>\n",
       "      <td>-0.041849</td>\n",
       "      <td>-0.042078</td>\n",
       "      <td>-0.110639</td>\n",
       "      <td>-0.101115</td>\n",
       "      <td>-0.135773</td>\n",
       "      <td>0.049487</td>\n",
       "      <td>-0.063807</td>\n",
       "      <td>0.019165</td>\n",
       "    </tr>\n",
       "    <tr>\n",
       "      <th>cigsPerDay</th>\n",
       "      <td>0.265207</td>\n",
       "      <td>-0.158160</td>\n",
       "      <td>0.020866</td>\n",
       "      <td>0.846276</td>\n",
       "      <td>1.000000</td>\n",
       "      <td>-0.047113</td>\n",
       "      <td>-0.036634</td>\n",
       "      <td>-0.087620</td>\n",
       "      <td>-0.036644</td>\n",
       "      <td>-0.031270</td>\n",
       "      <td>-0.085596</td>\n",
       "      <td>-0.069228</td>\n",
       "      <td>-0.097957</td>\n",
       "      <td>0.050749</td>\n",
       "      <td>-0.064400</td>\n",
       "      <td>0.035587</td>\n",
       "    </tr>\n",
       "    <tr>\n",
       "      <th>BPMeds</th>\n",
       "      <td>-0.052124</td>\n",
       "      <td>0.107841</td>\n",
       "      <td>-0.013228</td>\n",
       "      <td>-0.051923</td>\n",
       "      <td>-0.047113</td>\n",
       "      <td>1.000000</td>\n",
       "      <td>0.113125</td>\n",
       "      <td>0.262910</td>\n",
       "      <td>0.049066</td>\n",
       "      <td>0.072937</td>\n",
       "      <td>0.175091</td>\n",
       "      <td>0.151129</td>\n",
       "      <td>0.074218</td>\n",
       "      <td>-0.003341</td>\n",
       "      <td>0.009796</td>\n",
       "      <td>0.089152</td>\n",
       "    </tr>\n",
       "    <tr>\n",
       "      <th>prevalentStroke</th>\n",
       "      <td>-0.002312</td>\n",
       "      <td>0.042549</td>\n",
       "      <td>-0.026864</td>\n",
       "      <td>-0.038150</td>\n",
       "      <td>-0.036634</td>\n",
       "      <td>0.113125</td>\n",
       "      <td>1.000000</td>\n",
       "      <td>0.066057</td>\n",
       "      <td>0.009625</td>\n",
       "      <td>0.013760</td>\n",
       "      <td>0.050986</td>\n",
       "      <td>0.046494</td>\n",
       "      <td>0.015117</td>\n",
       "      <td>-0.010413</td>\n",
       "      <td>0.008322</td>\n",
       "      <td>0.048366</td>\n",
       "    </tr>\n",
       "    <tr>\n",
       "      <th>prevalentHyp</th>\n",
       "      <td>0.001424</td>\n",
       "      <td>0.253487</td>\n",
       "      <td>-0.079058</td>\n",
       "      <td>-0.108078</td>\n",
       "      <td>-0.087620</td>\n",
       "      <td>0.262910</td>\n",
       "      <td>0.066057</td>\n",
       "      <td>1.000000</td>\n",
       "      <td>0.080556</td>\n",
       "      <td>0.135906</td>\n",
       "      <td>0.573022</td>\n",
       "      <td>0.508336</td>\n",
       "      <td>0.234508</td>\n",
       "      <td>0.112523</td>\n",
       "      <td>0.072322</td>\n",
       "      <td>0.181387</td>\n",
       "    </tr>\n",
       "    <tr>\n",
       "      <th>diabetes</th>\n",
       "      <td>0.013819</td>\n",
       "      <td>0.090174</td>\n",
       "      <td>-0.041378</td>\n",
       "      <td>-0.041849</td>\n",
       "      <td>-0.036644</td>\n",
       "      <td>0.049066</td>\n",
       "      <td>0.009625</td>\n",
       "      <td>0.080556</td>\n",
       "      <td>1.000000</td>\n",
       "      <td>0.029033</td>\n",
       "      <td>0.072512</td>\n",
       "      <td>0.038429</td>\n",
       "      <td>0.058516</td>\n",
       "      <td>0.051235</td>\n",
       "      <td>0.184088</td>\n",
       "      <td>0.093431</td>\n",
       "    </tr>\n",
       "    <tr>\n",
       "      <th>totChol</th>\n",
       "      <td>-0.051401</td>\n",
       "      <td>0.201879</td>\n",
       "      <td>-0.016210</td>\n",
       "      <td>-0.042078</td>\n",
       "      <td>-0.031270</td>\n",
       "      <td>0.072937</td>\n",
       "      <td>0.013760</td>\n",
       "      <td>0.135906</td>\n",
       "      <td>0.029033</td>\n",
       "      <td>1.000000</td>\n",
       "      <td>0.159313</td>\n",
       "      <td>0.132646</td>\n",
       "      <td>0.101079</td>\n",
       "      <td>0.064741</td>\n",
       "      <td>0.022752</td>\n",
       "      <td>0.070664</td>\n",
       "    </tr>\n",
       "    <tr>\n",
       "      <th>sysBP</th>\n",
       "      <td>-0.013553</td>\n",
       "      <td>0.268251</td>\n",
       "      <td>-0.100432</td>\n",
       "      <td>-0.110639</td>\n",
       "      <td>-0.085596</td>\n",
       "      <td>0.175091</td>\n",
       "      <td>0.050986</td>\n",
       "      <td>0.573022</td>\n",
       "      <td>0.072512</td>\n",
       "      <td>0.159313</td>\n",
       "      <td>1.000000</td>\n",
       "      <td>0.599936</td>\n",
       "      <td>0.222724</td>\n",
       "      <td>0.121245</td>\n",
       "      <td>0.081783</td>\n",
       "      <td>0.162169</td>\n",
       "    </tr>\n",
       "    <tr>\n",
       "      <th>diaBP</th>\n",
       "      <td>0.050094</td>\n",
       "      <td>0.146161</td>\n",
       "      <td>-0.051699</td>\n",
       "      <td>-0.101115</td>\n",
       "      <td>-0.069228</td>\n",
       "      <td>0.151129</td>\n",
       "      <td>0.046494</td>\n",
       "      <td>0.508336</td>\n",
       "      <td>0.038429</td>\n",
       "      <td>0.132646</td>\n",
       "      <td>0.599936</td>\n",
       "      <td>1.000000</td>\n",
       "      <td>0.259455</td>\n",
       "      <td>0.123935</td>\n",
       "      <td>0.035342</td>\n",
       "      <td>0.108611</td>\n",
       "    </tr>\n",
       "    <tr>\n",
       "      <th>BMI</th>\n",
       "      <td>0.109485</td>\n",
       "      <td>0.100266</td>\n",
       "      <td>-0.109307</td>\n",
       "      <td>-0.135773</td>\n",
       "      <td>-0.097957</td>\n",
       "      <td>0.074218</td>\n",
       "      <td>0.015117</td>\n",
       "      <td>0.234508</td>\n",
       "      <td>0.058516</td>\n",
       "      <td>0.101079</td>\n",
       "      <td>0.222724</td>\n",
       "      <td>0.259455</td>\n",
       "      <td>1.000000</td>\n",
       "      <td>0.041255</td>\n",
       "      <td>0.047019</td>\n",
       "      <td>0.064975</td>\n",
       "    </tr>\n",
       "    <tr>\n",
       "      <th>heartRate</th>\n",
       "      <td>-0.092370</td>\n",
       "      <td>-0.003723</td>\n",
       "      <td>-0.038282</td>\n",
       "      <td>0.049487</td>\n",
       "      <td>0.050749</td>\n",
       "      <td>-0.003341</td>\n",
       "      <td>-0.010413</td>\n",
       "      <td>0.112523</td>\n",
       "      <td>0.051235</td>\n",
       "      <td>0.064741</td>\n",
       "      <td>0.121245</td>\n",
       "      <td>0.123935</td>\n",
       "      <td>0.041255</td>\n",
       "      <td>1.000000</td>\n",
       "      <td>0.067903</td>\n",
       "      <td>0.011533</td>\n",
       "    </tr>\n",
       "    <tr>\n",
       "      <th>glucose</th>\n",
       "      <td>-0.007167</td>\n",
       "      <td>0.077605</td>\n",
       "      <td>-0.017248</td>\n",
       "      <td>-0.063807</td>\n",
       "      <td>-0.064400</td>\n",
       "      <td>0.009796</td>\n",
       "      <td>0.008322</td>\n",
       "      <td>0.072322</td>\n",
       "      <td>0.184088</td>\n",
       "      <td>0.022752</td>\n",
       "      <td>0.081783</td>\n",
       "      <td>0.035342</td>\n",
       "      <td>0.047019</td>\n",
       "      <td>0.067903</td>\n",
       "      <td>1.000000</td>\n",
       "      <td>0.045056</td>\n",
       "    </tr>\n",
       "    <tr>\n",
       "      <th>TenYearCHD</th>\n",
       "      <td>0.091688</td>\n",
       "      <td>0.191679</td>\n",
       "      <td>-0.069250</td>\n",
       "      <td>0.019165</td>\n",
       "      <td>0.035587</td>\n",
       "      <td>0.089152</td>\n",
       "      <td>0.048366</td>\n",
       "      <td>0.181387</td>\n",
       "      <td>0.093431</td>\n",
       "      <td>0.070664</td>\n",
       "      <td>0.162169</td>\n",
       "      <td>0.108611</td>\n",
       "      <td>0.064975</td>\n",
       "      <td>0.011533</td>\n",
       "      <td>0.045056</td>\n",
       "      <td>1.000000</td>\n",
       "    </tr>\n",
       "  </tbody>\n",
       "</table>\n",
       "</div>"
      ],
      "text/plain": [
       "                     male       age  education  currentSmoker  cigsPerDay  \\\n",
       "male             1.000000 -0.021224  -0.004540       0.206114    0.265207   \n",
       "age             -0.021224  1.000000  -0.140827      -0.173120   -0.158160   \n",
       "education       -0.004540 -0.140827   1.000000       0.029396    0.020866   \n",
       "currentSmoker    0.206114 -0.173120   0.029396       1.000000    0.846276   \n",
       "cigsPerDay       0.265207 -0.158160   0.020866       0.846276    1.000000   \n",
       "BPMeds          -0.052124  0.107841  -0.013228      -0.051923   -0.047113   \n",
       "prevalentStroke -0.002312  0.042549  -0.026864      -0.038150   -0.036634   \n",
       "prevalentHyp     0.001424  0.253487  -0.079058      -0.108078   -0.087620   \n",
       "diabetes         0.013819  0.090174  -0.041378      -0.041849   -0.036644   \n",
       "totChol         -0.051401  0.201879  -0.016210      -0.042078   -0.031270   \n",
       "sysBP           -0.013553  0.268251  -0.100432      -0.110639   -0.085596   \n",
       "diaBP            0.050094  0.146161  -0.051699      -0.101115   -0.069228   \n",
       "BMI              0.109485  0.100266  -0.109307      -0.135773   -0.097957   \n",
       "heartRate       -0.092370 -0.003723  -0.038282       0.049487    0.050749   \n",
       "glucose         -0.007167  0.077605  -0.017248      -0.063807   -0.064400   \n",
       "TenYearCHD       0.091688  0.191679  -0.069250       0.019165    0.035587   \n",
       "\n",
       "                   BPMeds  prevalentStroke  prevalentHyp  diabetes   totChol  \\\n",
       "male            -0.052124        -0.002312      0.001424  0.013819 -0.051401   \n",
       "age              0.107841         0.042549      0.253487  0.090174  0.201879   \n",
       "education       -0.013228        -0.026864     -0.079058 -0.041378 -0.016210   \n",
       "currentSmoker   -0.051923        -0.038150     -0.108078 -0.041849 -0.042078   \n",
       "cigsPerDay      -0.047113        -0.036634     -0.087620 -0.036644 -0.031270   \n",
       "BPMeds           1.000000         0.113125      0.262910  0.049066  0.072937   \n",
       "prevalentStroke  0.113125         1.000000      0.066057  0.009625  0.013760   \n",
       "prevalentHyp     0.262910         0.066057      1.000000  0.080556  0.135906   \n",
       "diabetes         0.049066         0.009625      0.080556  1.000000  0.029033   \n",
       "totChol          0.072937         0.013760      0.135906  0.029033  1.000000   \n",
       "sysBP            0.175091         0.050986      0.573022  0.072512  0.159313   \n",
       "diaBP            0.151129         0.046494      0.508336  0.038429  0.132646   \n",
       "BMI              0.074218         0.015117      0.234508  0.058516  0.101079   \n",
       "heartRate       -0.003341        -0.010413      0.112523  0.051235  0.064741   \n",
       "glucose          0.009796         0.008322      0.072322  0.184088  0.022752   \n",
       "TenYearCHD       0.089152         0.048366      0.181387  0.093431  0.070664   \n",
       "\n",
       "                    sysBP     diaBP       BMI  heartRate   glucose  TenYearCHD  \n",
       "male            -0.013553  0.050094  0.109485  -0.092370 -0.007167    0.091688  \n",
       "age              0.268251  0.146161  0.100266  -0.003723  0.077605    0.191679  \n",
       "education       -0.100432 -0.051699 -0.109307  -0.038282 -0.017248   -0.069250  \n",
       "currentSmoker   -0.110639 -0.101115 -0.135773   0.049487 -0.063807    0.019165  \n",
       "cigsPerDay      -0.085596 -0.069228 -0.097957   0.050749 -0.064400    0.035587  \n",
       "BPMeds           0.175091  0.151129  0.074218  -0.003341  0.009796    0.089152  \n",
       "prevalentStroke  0.050986  0.046494  0.015117  -0.010413  0.008322    0.048366  \n",
       "prevalentHyp     0.573022  0.508336  0.234508   0.112523  0.072322    0.181387  \n",
       "diabetes         0.072512  0.038429  0.058516   0.051235  0.184088    0.093431  \n",
       "totChol          0.159313  0.132646  0.101079   0.064741  0.022752    0.070664  \n",
       "sysBP            1.000000  0.599936  0.222724   0.121245  0.081783    0.162169  \n",
       "diaBP            0.599936  1.000000  0.259455   0.123935  0.035342    0.108611  \n",
       "BMI              0.222724  0.259455  1.000000   0.041255  0.047019    0.064975  \n",
       "heartRate        0.121245  0.123935  0.041255   1.000000  0.067903    0.011533  \n",
       "glucose          0.081783  0.035342  0.047019   0.067903  1.000000    0.045056  \n",
       "TenYearCHD       0.162169  0.108611  0.064975   0.011533  0.045056    1.000000  "
      ]
     },
     "execution_count": 6,
     "metadata": {},
     "output_type": "execute_result"
    }
   ],
   "source": [
    "framingham.corr(method='kendall')"
   ]
  },
  {
   "cell_type": "code",
   "execution_count": 7,
   "metadata": {},
   "outputs": [
    {
     "name": "stderr",
     "output_type": "stream",
     "text": [
      "/home/kumar/anaconda3/lib/python3.6/site-packages/sklearn/model_selection/_split.py:2026: FutureWarning: From version 0.21, test_size will always complement train_size unless both are specified.\n",
      "  FutureWarning)\n"
     ]
    }
   ],
   "source": [
    "#Spliting data sets iun test and training sets\n",
    "from sklearn.model_selection import train_test_split\n",
    "from sklearn import metrics #for accuracy calculation\n",
    "\n",
    "framingham_data_headers = [\"male\", \"age\", \"education\", \"currentSmoker\", \"cigsPerDay\", \"BPMeds\", \"prevalentStroke\", \"prevalentHyp\", \"diabetes\", \"totChol\", \"sysBP\",\"diaBP\",\"BMI\",\"heartRate\",\"glucose\",\"TenYearCHD\"]\n",
    " \n",
    "train_x, test_x, train_y, test_y = train_test_split(framingham[framingham_data_headers[:-1]],framingham[framingham_data_headers[-1]], train_size=0.7)"
   ]
  },
  {
   "cell_type": "code",
   "execution_count": 9,
   "metadata": {},
   "outputs": [
    {
     "name": "stdout",
     "output_type": "stream",
     "text": [
      "NN Train Accuracy ::  0.844140625\n",
      "NN Test Accuracy ::  0.8642987249544627\n"
     ]
    }
   ],
   "source": [
    "#making Neural Network Models\n",
    "from sklearn.neural_network import MLPClassifier\n",
    "mlp = MLPClassifier()\n",
    "mlp.fit(train_x,train_y)\n",
    "\n",
    "print (\"NN Train Accuracy :: \",metrics.accuracy_score(train_y, mlp.predict(train_x)))\n",
    "print (\"NN Test Accuracy :: \", metrics.accuracy_score(test_y, mlp.predict(test_x)))\n"
   ]
  },
  {
   "cell_type": "code",
   "execution_count": 8,
   "metadata": {},
   "outputs": [
    {
     "name": "stdout",
     "output_type": "stream",
     "text": [
      "Logistic Regression Train Accuracy ::  0.847265625\n",
      "Logistic regression Test Accuracy ::  0.8688524590163934\n"
     ]
    }
   ],
   "source": [
    "#making logistic model \n",
    "\n",
    "# Train logistic regression\n",
    "logr = linear_model.LogisticRegression()\n",
    "logr.fit(train_x, train_y)\n",
    "\n",
    "print (\"Logistic Regression Train Accuracy :: \",metrics.accuracy_score(train_y, logr.predict(train_x)))\n",
    "print (\"Logistic regression Test Accuracy :: \", metrics.accuracy_score(test_y, logr.predict(test_x)))\n"
   ]
  },
  {
   "cell_type": "code",
   "execution_count": 11,
   "metadata": {},
   "outputs": [
    {
     "name": "stdout",
     "output_type": "stream",
     "text": [
      "decision tree Train Accuracy ::  1.0\n",
      "decision tree Test Accuracy ::  0.7668488160291439\n"
     ]
    }
   ],
   "source": [
    "#making a decision tree\n",
    "\n",
    "from sklearn.tree import DecisionTreeClassifier as DTC\n",
    "dtc = DTC()\n",
    "dtc.fit(train_x,train_y)\n",
    "\n",
    "print (\"decision tree Train Accuracy :: \",metrics.accuracy_score(train_y, dtc.predict(train_x)))\n",
    "print (\"decision tree Test Accuracy :: \", metrics.accuracy_score(test_y, dtc.predict(test_x)))\n"
   ]
  },
  {
   "cell_type": "code",
   "execution_count": null,
   "metadata": {},
   "outputs": [],
   "source": []
  }
 ],
 "metadata": {
  "kernelspec": {
   "display_name": "Python 3",
   "language": "python",
   "name": "python3"
  },
  "language_info": {
   "codemirror_mode": {
    "name": "ipython",
    "version": 3
   },
   "file_extension": ".py",
   "mimetype": "text/x-python",
   "name": "python",
   "nbconvert_exporter": "python",
   "pygments_lexer": "ipython3",
   "version": "3.6.5"
  }
 },
 "nbformat": 4,
 "nbformat_minor": 2
}
